,MSZoning,Street,Alley,LotShape,LandContour,Utilities,LotConfig,LandSlope,Neighborhood,Condition1,Condition2,BldgType,HouseStyle,RoofStyle,RoofMatl,Exterior1st,Exterior2nd,MasVnrType,ExterQual,ExterCond,Foundation,BsmtQual,BsmtCond,BsmtExposure,BsmtFinType1,BsmtFinType2,Heating,HeatingQC,CentralAir,Electrical,KitchenQual,Functional,FireplaceQu,GarageType,GarageFinish,GarageQual,GarageCond,PavedDrive,PoolQC,Fence,MiscFeature,SaleType,SaleCondition,MSSubClass,LotFrontage,LotArea,OverallQual,OverallCond,YearBuilt,YearRemodAdd,MasVnrArea,BsmtFinSF1,BsmtFinSF2,BsmtUnfSF,TotalBsmtSF,1stFlrSF,2ndFlrSF,LowQualFinSF,GrLivArea,BsmtFullBath,BsmtHalfBath,FullBath,HalfBath,BedroomAbvGr,KitchenAbvGr,TotRmsAbvGrd,Fireplaces,GarageYrBlt,GarageCars,GarageArea,WoodDeckSF,OpenPorchSF,EnclosedPorch,3SsnPorch,ScreenPorch,PoolArea,MiscVal,MoSold,YrSold,SalePrice
MSZoning,1.0,0.08765385394779442,-0.052039405806210574,0.06188727366803305,-0.017854135771672826,-0.001192033628410441,-0.00989503737036619,-0.022055039310730395,-0.24967920164872007,-0.02787381559470464,0.044606072432189295,0.00569047083855892,-0.10531478081539966,-0.00030067281482485904,0.00513268222854279,-0.00855849420801459,0.006962587224453459,0.021604143842443704,0.20053624461466388,-0.09604134366632847,-0.2351739572760744,0.1256288129784987,-0.0070268048509898725,0.038114709171267115,0.025322063343593278,-0.028814963807585546,0.05686587744181101,0.13427922201754314,-0.04952273675803077,-0.07081151415290556,0.12897600071856116,-0.09572210873898124,0.017208322670671867,0.14114168603683722,0.16769473978075272,-0.1170985925162146,-0.050432575576157664,-0.10036578431166321,0.0028823887623233217,-0.06128916273784115,0.0006727463037049514,0.09743726516362818,0.009493514076047982,0.035900060245531114,-0.05125004704099934,-0.034451613500726994,-0.16009917739690693,0.18695110169874363,-0.3089081606360622,-0.17472766140720325,-0.06282997741248425,-0.04912776236266601,0.028086034201781872,-0.04674936546222977,-0.08783403719472338,-0.05561447196737454,-0.05148125208484237,0.011520433786271902,-0.0826153473081716,-0.018525572469371296,0.007192873541425938,-0.19829038346747344,-0.13387642057940888,-0.016471355607728836,0.04943396514672435,-0.04319994289574297,-0.011349167180302036,-0.07391490737146658,-0.1570421277277928,-0.18925045314657218,-0.009476572075522167,-0.15470402981782289,0.11550864629961383,0.00036240640687112724,0.019088712844129548,-0.0031276685166235127,0.009293180826068139,-0.03149577641551742,-0.020627570094279096,-0.16687220265320626
Street,0.08765385394779442,1.0,-0.015720169643036446,-0.01022399086995079,0.11599517234685623,0.001681766804742925,0.013960298589363433,-0.17935952128247995,-0.011561402390080154,-0.0716574549462117,0.0020389372292066773,-0.018243035091660295,0.023703662446855095,-0.01973161002870833,0.00808096601466132,0.0025051200009041825,0.006165918824979645,-0.004231641688662863,0.0499757712062095,0.00587406879641444,0.035277191696485875,-0.02581107488629293,-0.01496346986740679,0.07223227490626037,-0.012053807673992438,0.0616628639672634,0.007904256932950273,-0.05399497343302621,0.06986857817990928,0.0213548259576898,-0.025307462810978718,-0.016443542872918205,-0.02427816224566717,-0.017098232207220766,-0.015528541136086291,-0.023734136448941377,-0.02332053275931511,0.024521473258157452,-0.0040665847198484515,-0.029385598873965614,0.14671157842224467,0.014339497448885272,0.006063866090231991,-0.024968591102695642,-0.0251065332108764,-0.19713093862382286,0.0588231866704591,0.04284839868147302,0.02113676005127137,0.06546482429568845,0.0171083572320152,-0.015642721830988422,-0.03848673566205354,0.0352287532812589,0.005067534070866023,0.005949724112527009,0.04698258848840821,0.007724112942134782,0.044121335747899074,-0.0505242759512046,0.015485329123944177,0.0464706016988702,0.027627975457163674,0.028864970472944375,0.013583399276839686,0.04682843005227296,-0.005348117366854619,0.03246877430180522,-0.020024632745867167,-0.04779429321486589,-0.017989759827088416,-0.005663817901614713,0.023082387938633375,0.007473427342069006,-0.03316005743064519,0.004412634813424321,-0.02273301614101196,0.0036900339197972203,-0.02504323520504604,0.041035535500049444
Alley,-0.052039405806210574,-0.015720169643036446,1.0,-0.12088096871867401,0.08737233309295965,0.006406726145038632,-0.049535349892160206,0.030095752326413414,-0.13065388642851508,0.10083525601948913,0.007767374416958412,-0.029652679588434275,0.04033916482718461,0.05790445614427591,0.030784610623358088,-0.02059051715187298,-0.042219831506727167,-0.1371233077320557,-0.08730634252693313,0.06508146177784384,0.15361611924498933,-0.07322814530763085,0.09954107139501302,-0.11952889507546648,-0.14363876691402377,-0.03376004918436886,-0.09931172287949175,-0.0040839028928629575,0.20283546731664173,0.11106276042463883,-0.029485458750359187,0.017108023912553637,-0.07635448750650571,-0.2519368785308496,-0.18263668490075918,0.10388553225648585,0.12403454734859864,0.2297661104666777,-0.015491740336525402,0.021124423498413106,0.021855537395227494,0.00820483393510589,0.035717352430213095,-0.10599497396562049,0.02508694438639462,0.060105221718847975,0.09917867401632795,-0.09809942075941289,0.30315533380478044,0.0730845210928686,0.0716877761490769,0.1467825791814989,0.041429175422635016,-0.025866194516209248,0.14178346717424017,0.13719345474580724,-0.09474984832252811,-0.030562261867322825,0.019392299369155656,0.10697646027206088,0.01536055102962337,0.06515482328569283,0.048284315413856374,-0.031566526472926876,-0.04280884705832051,0.0074888034872178195,0.10889681089372312,0.07247550333838726,0.08634092638735942,0.09500185391944554,0.10051567876870604,-0.04698124054780025,-0.18508105478188505,0.02847017922487776,0.023216350364191916,0.016810025473176657,0.0011616707086887278,0.01309401417878965,0.02094402886768212,0.1398677496916844
LotShape,0.06188727366803305,-0.01022399086995079,-0.12088096871867401,1.0,0.08543448877306305,-0.03610067967666626,0.22110178990663648,-0.09995091816842092,-0.03889398688910935,-0.11500326003323806,-0.04376767313091779,0.1162622475000053,-0.10402632367170682,0.003182237164150302,-0.07117442066860218,-0.020462964009439956,-0.027951030958702463,0.08440397576477303,0.14881789875085696,-0.029497433844806863,-0.1351239607051089,0.16857708753202144,0.006303152622335345,0.14690377531318177,0.09535377561650572,0.037664137295318964,0.07589350074401194,0.0962484332021155,-0.11525587604063857,-0.09647893137048287,0.12218170152733149,-0.029321477595553223,0.13823934547968292,0.19694899212504008,0.2292826704188514,-0.05938798648252163,-0.031130914764100744,-0.11369766688770791,0.0181556562911244,-0.04563252256573711,0.021061877251601486,-0.0009109370290806698,-0.03811847242219256,0.11928918664799897,0.16356981326495226,-0.16531493872850006,-0.19049749651444065,0.013693423071203512,-0.22606158771650892,-0.15382510123586074,-0.10617782945573542,-0.13403298320050655,-0.03973836917861119,-0.021666115601457144,-0.17578152987935908,-0.17261309955632595,-0.06020453006010592,0.020626192546967518,-0.17509347811404277,-0.07617805510791863,-0.02682429323647383,-0.15938958830506486,-0.11107173001114658,-0.05021397084795914,0.09252041625174967,-0.11925042119767516,-0.1942850300798979,-0.08333649431118294,-0.18390565471152953,-0.16063888044764446,-0.1669456547129754,-0.07541155549779682,0.07821316281724473,-0.03645933303869911,-0.05305432024800139,-0.020050776084671953,-0.042061335160505295,-0.033454605294099125,0.036448621936506005,-0.2555798704871225
LandContour,-0.017854135771672826,0.11599517234685623,0.08737233309295965,0.08543448877306305,1.0,0.008238030043629309,-0.025527353642065022,-0.37426717404098025,0.0191163656891951,0.024800960060793725,-0.01618504542086775,0.051142773017361684,0.07523376458850059,-0.004246449523339878,-0.020229417473456714,-0.01180854182908954,-0.03408184209435407,-0.10034648287831555,-0.0036132609006952155,0.009803776936516349,0.05347782745157824,-0.002928772295220345,0.02262175561906114,0.04390341882713463,-0.0718766066816401,-0.029587951642915965,0.015745902334467016,-0.06627625106683713,0.10540979926621195,0.082812824772815,0.03081329230490234,0.03611271394468062,0.05023423283291579,-0.10980666480207517,-0.09396469013671421,-0.01584156031101766,-0.023389089650223672,0.14092084814752376,0.0007307896784682183,-0.04377267692454655,-0.017146657485486435,-0.02575353976538867,0.033809228559043725,-0.002939698546279199,-0.06695746015740404,-0.14908307216706593,0.0289073078680388,-0.045270711199394464,0.161622387559156,0.09337417566538424,0.0482741242834104,-0.01809690270750115,0.008594682679559323,0.020694219704710894,0.005189399150152767,-0.04210320059404143,-0.03424483032362885,-0.0983521322485383,-0.06852321831923829,0.009773464165415323,0.01906072889821584,0.05036331441064712,0.02972707194247134,-0.04085055644683011,-0.03895902368220176,-0.053457679879456335,-0.05223877052360752,0.07376771146994214,0.04576914356562545,0.04762643356426574,-0.002878678313986408,0.04067617566220769,-0.05874240159876238,-0.021403705936274643,0.0038356217802390604,-0.013098459268621705,0.020911978348866937,-0.011598518970433696,0.02050692098138226,0.015453241660960324
Utilities,-0.001192033628410441,0.001681766804742925,0.006406726145038632,-0.03610067967666626,0.008238030043629309,1.0,-0.032589303387813386,-0.005909285251426115,0.046809065377728616,-0.0009500549687377731,-0.0008309651073158736,-0.010778132255186222,0.05428334898342653,-0.012867962201872567,-0.003293382795409792,-0.029686289204465217,-0.03210038395816316,-0.035716483839598266,0.017369267048208334,0.009535010956844198,-0.014377154413567671,0.020227292445553803,0.006098334547075326,0.015496182609379733,-0.01138808460958942,-0.020520049129535506,-0.0032213653350660967,0.00695020709434311,0.006906656085580699,-0.09169825451015794,-0.010717350958736428,0.006701535570747182,-0.033786687926250406,-0.00657864484428024,-0.008337716649805496,0.002935068248666969,0.0018038013981875967,0.007585565248940118,0.001657329102501435,0.011976046624716054,0.005015961211559839,-0.12676973240192935,-0.08970067592176778,-0.02284383560025856,-0.04353481281760477,0.010123183947136087,-0.0018806812153168459,0.009994086674848966,-0.011504602518426978,-0.03407977474666134,0.06345203422267463,-0.01910015958807845,0.04991261746296693,-0.012638604464522573,-0.014233382855474225,0.012287014946219591,-0.020817503278654427,-0.003147947983851893,-0.008545486953987848,-0.02146680113112531,0.1033804742696871,-0.026861916813296857,-0.01993935369862589,0.00428776405348853,-0.005535889323177561,0.007769310469619901,0.015721055535554217,0.005152442586943342,0.008161002143801502,0.006371956538831519,-0.019692086396920133,0.028198576073716324,-0.009407184633142492,-0.0030457815298888823,0.10236548266806145,-0.001798361179912199,-0.0022956812402709086,-0.05155165962407202,0.023352538265820486,-0.01431429614724878
LotConfig,-0.00989503737036619,0.013960298589363433,-0.049535349892160206,0.22110178990663648,-0.025527353642065022,-0.032589303387813386,1.0,-0.007256117910926227,-0.03659733284357652,0.021456583754916655,0.03386810673971312,0.10722948819591795,-0.03294548610213433,-0.01036409287910096,-0.06846480716751079,0.023316326499071952,0.005546111486137193,-0.006618699845863996,-0.002502970856610356,0.03489775197770935,-0.0117553337056258,0.023226927384163338,0.03522107745987674,0.017506888782721945,0.019420316103499615,0.00010268147698959565,-2.3527633322325312e-05,-0.01021661703751876,-0.0037288441814424963,-0.024946639780892753,-0.010437019398839027,-0.02111908295049501,0.021276434290445873,0.030677610858071993,0.031244174332410574,0.033275005422891094,0.041800304344471545,-0.04505839432590026,0.05478576361071627,0.05806651029303494,0.017944402324844802,0.014324649239053574,0.05157901887367144,0.07590993476269484,0.029068972959049123,-0.12116100106159809,-0.031086289268714713,-0.03078785048678996,0.013628804980459689,-0.005160792832756178,-0.03163893610747707,-0.023803899419402714,-0.010356811546741361,-0.011410848176152344,-0.040049076563231104,-0.06241421635923695,-0.051556346568516556,-0.004992089587387052,-0.08920811187021212,-0.012950616415652969,-0.009926883382203185,-0.007530695589488765,-0.02580381816713357,-0.05657366294211682,-0.002500047845556831,-0.049246076813145474,-0.0610434280541417,-0.0341084886237672,-0.06696738764016825,-0.06402327213312202,-0.03563456960409635,-0.05461367802720997,-0.07042897844616124,-0.030479382474965275,-0.004656819931180251,-0.046797766151880686,-0.01842748267735527,0.018902253295266683,-0.005992402890136439,-0.06739602315941755
LandSlope,-0.022055039310730395,-0.17935952128247995,0.030095752326413414,-0.09995091816842092,-0.37426717404098025,-0.005909285251426115,-0.007256117910926227,1.0,-0.08040463226645429,-0.01676169084553552,-0.026321541537058173,-0.05358235775912727,-0.03179333835058313,-0.027739319316105338,0.1786775503945354,-0.04566030015869129,-0.03287828253712979,0.05122864166444319,0.02104046540117773,0.0008337097834340688,-0.027781542185252448,0.006074276054082445,-0.002436710855031139,-0.1644033757128653,-0.06376659032553116,-0.06683851990335063,0.005856442969911948,0.035673532309367456,-0.01084859853815961,-0.014488287533729653,-0.002735023665587238,-0.10685147081080146,-0.025250145436570424,0.004888683881375139,0.025382880749585016,0.017644853471810242,-0.010712620842306762,-0.024537858827341965,0.01428890678594813,0.04826268987830304,-0.042715946372618795,0.05485848195538355,-0.043094800908779485,-0.02567150753494079,-0.041567477587988295,0.436868011533351,-0.06644962996136942,0.010354519973040556,-0.0736391667740438,-0.059104500753294376,-0.021082932095553016,0.11383419449908844,0.08551838469623817,-0.11645649366815941,0.03249800113691376,0.0683229050049737,-0.009255411022848846,0.01388780674673886,0.04386046727989306,0.11616452778425157,0.07029914156002341,-0.04693576082981331,0.0007806567216964967,-0.04819640284383317,-0.036467400630926926,-0.03376816087014516,0.12399473838394619,-0.014117078071393683,-0.0026834619178456717,0.004825527658675918,0.09515593665922854,-0.032621587876326866,-0.008842974418766513,0.008694244539221773,0.05297604299300521,-0.01550483559870376,-0.003518409630202098,0.0070716866580557486,-0.0023046324157225614,0.0511522481794664
Neighborhood,-0.24967920164872007,-0.011561402390080154,-0.13065388642851508,-0.03889398688910935,0.0191163656891951,0.046809065377728616,-0.03659733284357652,-0.08040463226645429,1.0,-0.025400684486443326,0.02243178614874864,0.005993467107512543,0.048594511469135876,0.10993667639409152,-0.00735256486310212,-0.0737175869009849,-0.08922164032850961,-0.02026083387104605,-0.15159450024360505,0.033917783832511414,0.0664935672066284,-0.15983991536392658,0.01479396533191278,0.04019814265868122,-0.043300731359940135,-0.0357832619629026,-0.015958200680578318,-0.0380390448440994,0.04937116442161209,0.08141703090467738,-0.1287337196716596,0.03769400039889645,-0.1042292882699019,-0.09723021949499386,-0.08314278874668318,-0.04967520275417691,-0.02567091734697607,0.04034495256468566,-0.0022131391840999265,0.020600977099019195,0.018446647730523225,-0.036956167250750044,0.021866675403112303,-0.005984947408664127,0.06940172018361092,0.0445693637272105,0.19659302271254478,-0.03360909976778672,0.1012889270986634,0.10267140169889025,0.11803544243877634,0.11278116668956759,0.0410120910406207,0.015318651495429674,0.1477623311005267,0.164717138907869,0.02891053870565889,0.03317245664996486,0.1482659446624777,0.06323368729335878,-0.028219572229046756,0.13790926505141926,0.05767562578158588,0.04303316323180573,0.06409231268740141,0.10657991553396619,0.05746200703027333,0.09144075782399998,0.1940630355536097,0.21357824842899528,0.05937039880833299,0.14469104706300057,0.028802800010866034,-0.024197352654962624,0.01369661672136122,-0.010437836967501016,0.0008953639542728655,0.02322159192924107,0.03669675992168728,0.21085146582230307
Condition1,-0.02787381559470464,-0.0716574549462117,0.10083525601948913,-0.11500326003323806,0.024800960060793725,-0.0009500549687377731,0.021456583754916655,-0.01676169084553552,-0.025400684486443326,1.0,-0.07426772633586334,-0.023501464652199135,0.09671421934957637,0.00295573201145227,0.009924037719269032,0.013145684427687657,0.003649319035730154,-0.03089203318060286,-0.07485450674087106,0.07684101377551025,0.0740203298975802,-0.11325666576922709,-0.0008788652410057954,-0.028618923445869013,-0.039362490513501304,-0.039280042288482336,-0.0231833075462671,-0.07565544688801208,0.012772001895649426,0.07996999258128626,-0.050028412020388754,-0.014877287441545437,-0.019191342435431875,-0.08545511542639975,-0.14502450915444762,0.03817742073962933,-0.011422058131847962,0.10586419823646183,-0.0033114550475566657,0.046478811497305365,0.014764281246496258,-0.0023381699131979875,0.05774692140079156,-0.024761769594588087,-0.041813475387918554,0.02384617416130649,0.10010455234404769,-0.03224295699459083,0.15830575412765607,0.1366217171004933,0.022398468561418524,0.03098113251736211,0.028699695386710793,0.014671693954211605,0.057540186343633115,0.04817232450071647,0.017420764173696764,-0.05164214505179912,0.045132966758616604,0.026514165722458467,-0.05832833380515108,0.09598454237738924,0.06024071053356101,0.013682407397481427,-0.07572393457358416,0.0525241634161592,0.005877565340788826,0.08510042532310579,0.10424014869119137,0.07520849309910346,0.04533771979207439,0.08586071750092597,-0.07921305194947793,0.07061021044960897,0.011042524081633153,0.008742481960160703,-0.011453556278432787,-0.00986831439719802,-0.009819075885980435,0.09115491154092803
Condition2,0.044606072432189295,0.0020389372292066773,0.007767374416958412,-0.04376767313091779,-0.01618504542086775,-0.0008309651073158736,0.03386810673971312,-0.026321541537058173,0.02243178614874864,-0.07426772633586334,1.0,0.009013928429291019,-0.026939962623730964,0.04143727748195643,-0.0039928251483213354,-0.005375074122637746,-0.0157509813051148,-0.0149314156007297,-0.02850575709488756,-0.020980429566114196,-0.006442378349671071,0.006868410103006911,0.030859772660712628,0.002897997435010104,0.013013844627796608,-0.013698629044867728,-0.0039055127571895826,-0.01743181220332691,-0.023798307384551038,0.019634972923916763,-0.038491442514228695,0.008124794905877027,-0.0031349975127542037,0.03445307722180187,-0.013071990883502358,-0.02911631815715414,0.03953026208269011,-0.0067879468266808015,0.002009309494400583,0.01940618741480989,-0.059395252341753225,0.004848001166799332,0.04507426667841314,-0.042394765613057245,-0.02400422872079209,0.022164142682565134,0.014938564603797022,0.014494333924182024,0.02880334866499685,0.007511615537618991,0.03773627436585847,0.013228668632857911,0.05411625892679303,0.016863077726315234,0.0506371854138129,0.039987761082377,-0.00027221027315626117,-0.04022155126978757,0.02547051277428439,-0.0005308552961496306,-0.007651339139892183,0.020263786319542648,0.023179397268722122,-0.014262252780276288,0.029313860397664718,0.02081442622188157,-0.013774827464283405,0.018907813289379984,0.024056535399013094,0.055395391851346266,0.01163311118810666,0.0345068150261613,0.013097813866716405,-0.0036926387985582215,-0.008576482506071745,-0.0021802936952623015,0.12681374023759953,0.004048698202311576,-0.02149471227034241,0.0075127340363331
BldgType,0.00569047083855892,-0.018243035091660295,-0.029652679588434275,0.1162622475000053,0.051142773017361684,-0.010778132255186222,0.10722948819591795,-0.05358235775912727,0.005993467107512543,-0.023501464652199135,0.009013928429291019,1.0,0.06655185885840927,-0.054388568759911625,-0.03842356157598483,-0.11211196222947553,-0.14274840749630524,-0.09370112292500124,-0.08786172899507173,0.08506713301083706,0.14289213725257005,-0.09665091256793655,0.04094200690232451,-0.03994148447797796,-0.04176048284998086,0.03076371648013916,0.005548897428925601,-0.01039608813957148,0.018196805254234734,0.07359195111453384,-0.024530610413604673,0.00962977252114539,0.04151980455608288,0.007798149792515743,-0.04014130570476741,0.07264303263032588,0.06772010183673957,0.05939016993252487,0.026061988983152786,0.132866383648512,0.04915299541245208,-0.04030559761737896,-0.003530338657567594,0.7460629359877902,-0.23909272282311847,-0.20572107744968063,0.04983433929116466,-0.16203952412065475,0.21758437155079013,0.10485534709673354,0.04314859989969552,0.006999582236998842,-0.017375695002311304,-0.05055610695162153,-0.05003269897509838,-0.07368802219532496,-0.08421192081588424,-0.030339298213584956,-0.12697519483212577,0.05153571676132212,-0.0034131055980890566,0.07075749280524242,-0.007587951216334235,-0.2775430111844967,0.18292612961173782,-0.19841336911300053,-0.08994173755370793,-0.019693324501812128,0.007402281136718748,-0.061421040860049264,-0.013074794127876209,-0.03715988759057239,-0.11472649697747365,-0.022844641461577556,-0.028045675733720712,-0.0282797599993025,-0.009583172766184558,-0.02576437982153712,0.002005923266226266,-0.08559060818352954
HouseStyle,-0.10531478081539966,0.023703662446855095,0.04033916482718461,-0.10402632367170682,0.07523376458850059,0.05428334898342653,-0.03294548610213433,-0.03179333835058313,0.048594511469135876,0.09671421934957637,-0.026939962623730964,0.06655185885840927,1.0,-0.032628876289268416,0.045358150257583475,-0.036445197498531035,-0.07100269761245813,-0.176575758529903,-0.09260969956657063,0.06758449387177469,0.18605053726079657,-0.15437506409903606,-0.0016845931526024832,-0.19977334693679258,-0.05636994096339677,-0.0066438411736513625,-0.07537590329987755,-0.06991551093726045,0.075060112774739,0.1734520960469026,-0.08338060914492207,0.05199305973932308,-0.011040053421731085,-0.129141939216075,-0.21806181329414828,0.01941073633486361,-0.027718535260886214,0.11558030564959682,-0.05989700105315493,-0.003069239727274634,0.05620317255186708,0.04858194466217987,0.022753438729246837,0.3971609919428104,-0.03629976299273221,-0.03318964641357691,0.21843982167271797,-0.03132924031024195,0.27049421033296595,0.20997345131365727,0.16914831435914235,0.010830628471859024,-0.02766623112030091,-0.14335032932073646,-0.14329673557434025,-0.1723514626783122,0.4765425404557829,-0.08319413007379761,0.261380361827057,0.03744275692810644,0.041722357659591515,0.23781869264069466,0.41470519486386154,0.1848364173410535,-0.004244915669441539,0.24577775515015488,0.1021694115393313,0.09240568050623275,0.19676074453239192,0.15548106334269687,0.08759841555544645,0.13645199183392298,-0.06517637006351522,-0.026933651702463517,-0.02532346861279951,0.07663013945386773,-0.04090349129530969,0.025728147830979833,-0.01800509686426751,0.18016262334399108
RoofStyle,-0.00030067281482485904,-0.01973161002870833,0.05790445614427591,0.003182237164150302,-0.004246449523339878,-0.012867962201872567,-0.01036409287910096,-0.027739319316105338,0.10993667639409152,0.00295573201145227,0.04143727748195643,-0.054388568759911625,-0.032628876289268416,1.0,-0.011138802208760889,-0.035981712509859244,-0.06572535311190879,-0.194402508770877,-0.19314282368551702,0.026467423941427485,0.02323848857725746,-0.12321607661874619,-0.004412819632375409,-0.01679769018616529,-0.036446345737862096,0.01705760227321049,-0.03822828438075328,-0.015324372152091242,0.013227710938912068,0.028840784762384383,-0.11716561237802149,-0.01829917580381879,-0.1391029100812709,-0.08911712154065023,-0.13722850621561222,0.012023357717104595,-0.03130025094356501,-0.004698454185418641,-0.03305724638006197,0.011088011674323483,-0.04395465134219384,-0.03294536030953549,0.06594577444991066,-0.11781652581320115,0.1211609480789705,0.07705426705416449,0.16767662837894975,-0.010054089444800695,0.04893547350281973,0.02772850217783175,0.24896135091480381,0.18936812170392006,0.014470936974807499,0.050541533617919104,0.25310272565591774,0.2979278294273212,-0.07293918033527062,-0.02034025085513383,0.1567065418523676,0.08576799361120015,0.0018461815013517836,0.023130073920951667,-0.013618223536002056,0.023146208790597627,0.004103011900528959,0.14586380725475578,0.12325973319748573,0.05859527909018858,0.1323481994625937,0.14186608913562004,0.07910865208516157,0.005977610404354817,-0.014672636570127852,0.022445180110219634,0.06666682026003315,0.019928225526084326,0.09680231202109763,0.00976743295155977,0.019384628087602017,0.2224052924071386
RoofMatl,0.00513268222854279,0.00808096601466132,0.030784610623358088,-0.07117442066860218,-0.020229417473456714,-0.003293382795409792,-0.06846480716751079,0.1786775503945354,-0.00735256486310212,0.009924037719269032,-0.0039928251483213354,-0.03842356157598483,0.045358150257583475,-0.011138802208760889,1.0,-0.002759175265720676,-0.013367088281219174,0.007469015728074553,-0.0170939690640724,-0.038599500379124976,-0.02790865961069346,-0.018577694550157363,-0.018044949957937602,-0.07765954602876086,-0.02054204588892717,-0.017637547991977188,2.655026930075732e-05,0.061017405791327715,0.014640299803108261,0.011837220804973531,-0.040472997673550386,-0.026186456585568497,-0.06666935501802505,-0.0387118449971162,-0.027249934259078765,-0.03534250839025339,-0.04178850456905944,0.03644898615301899,-0.01642828541493847,-0.0354187064608007,0.024101921840269987,0.011475002583240836,-0.04547535516148942,-0.031336480577327956,0.020937889270796133,0.14983695048883647,0.07450935114801195,0.027461284550683238,-0.02096344392501191,-0.03326000343720842,0.035276908871151286,0.04340402671116123,0.06523193620646711,-0.004071082950363773,0.065011258382787,0.15034061230400894,0.01212018010828902,0.06562177737462298,0.1267437865194454,0.05117432474988895,0.07508979619528455,0.0059024996113421525,0.033858196009924235,-0.017260332750979674,-0.0317922177337637,0.04718550390520299,0.08618775304245971,0.008615048607806298,0.04227561337674922,0.04756312284513576,0.12055379343061806,0.0494399485669253,-0.02891769452111565,-0.004489585560098787,0.10101343479232741,0.061745978007263745,-0.01103085280956115,0.03452320732470463,-0.02905695849930364,0.13238311192778826
Exterior1st,-0.00855849420801459,0.0025051200009041825,-0.02059051715187298,-0.020462964009439956,-0.01180854182908954,-0.029686289204465217,0.023316326499071952,-0.04566030015869129,-0.0737175869009849,0.013145684427687657,-0.005375074122637746,-0.11211196222947553,-0.036445197498531035,-0.035981712509859244,-0.002759175265720676,1.0,0.8541629837325787,-0.022290698906747865,-0.13874755192218335,0.01845014177184112,0.12293567887205141,-0.1681902865768884,-0.05333176764225063,-0.06913413213066226,0.1298659618400095,0.036337754154315116,-0.0661697304576558,-0.24705423213175381,0.03070331708592609,0.03285296575377015,-0.12259938109634723,0.0281424367939773,-0.04795297419460002,-0.01872484747691873,-0.09008327035421491,-0.003899726115213715,0.020270631304786263,-0.056035196646613224,-0.008956668150331852,0.10008062412435408,0.01728442839857744,0.011756636318627422,0.062551775853594,-0.08915854786290359,0.0905228234861857,0.004255677932039408,0.16140584836204241,-0.04116472562227084,0.09725311326824781,0.2397396926882155,0.023587074424055242,-0.06660379439297474,-0.0546838582846777,0.1348248899734882,0.04644402239063167,0.005138355378198796,0.07002049739689592,0.03961198845674501,0.06561314450488664,-0.00946431510689195,0.00047471041167400406,0.11619856177035406,-0.006471681753124341,-0.0005758874528225512,-0.08898837167319777,0.06669566101525248,0.007291988113609088,0.03059300265296421,0.12458971231184385,0.10140045038063607,0.045756008960771546,0.08000659844442165,-0.023293983060040893,-0.03708634283470112,-0.04695192156221894,-0.00136639450165399,-0.016337995648991372,-0.0049620845108307,-0.04018142425953181,0.10355101119090543
Exterior2nd,0.006962587224453459,0.006165918824979645,-0.042219831506727167,-0.027951030958702463,-0.03408184209435407,-0.03210038395816316,0.005546111486137193,-0.03287828253712979,-0.08922164032850961,0.003649319035730154,-0.0157509813051148,-0.14274840749630524,-0.07100269761245813,-0.06572535311190879,-0.013367088281219174,0.8541629837325787,1.0,0.008329440249078177,-0.114284082430508,0.03151964594492778,0.11745396790035169,-0.1404738137969487,-0.042596451596510494,-0.046815234786119174,0.1367114967525692,0.02782511409511356,-0.03345678086765037,-0.235261631027405,0.014337730120289289,-0.01908673654290485,-0.11111575280708838,0.011528182237458075,-0.05579112537959033,-0.011201870925055273,-0.07393314377419276,-0.03495913888216463,0.005247255485814913,-0.041967808205406,0.018458901402269808,0.0843086950030989,0.021743524392594367,0.020023919175901975,0.06872350283777504,-0.13722852284735626,0.09560124938005696,-0.003929541786082709,0.15239631316451005,-0.02807223938322528,0.07571625612021246,0.2163718637213136,0.0015862282471987216,-0.07974886955723776,-0.03602608287369584,0.1330485374587869,0.03784942325569707,0.017361176042604544,0.0632915930127005,0.027009863480177088,0.06784934660713723,-0.013418924917159706,-0.046652014612982205,0.11445604109692095,-0.010357747560468521,0.005279133426879252,-0.05456106922346339,0.06850260347804406,0.017700476027814705,0.028577558636913518,0.12395268529918815,0.09500643273727633,0.028612843401388064,0.07603762698098475,-0.016480406195363412,-0.01756524433508346,-0.02016221772398047,-0.017545308622593285,-0.014782381345517598,-0.01766214082211815,-0.03478064870334753,0.1037655370296585
MasVnrType,0.021604143842443704,-0.004231641688662863,-0.1371233077320557,0.08440397576477303,-0.10034648287831555,-0.035716483839598266,-0.006618699845863996,0.05122864166444319,-0.02026083387104605,-0.03089203318060286,-0.0149314156007297,-0.09370112292500124,-0.176575758529903,-0.194402508770877,0.007469015728074553,-0.022290698906747865,0.008329440249078177,1.0,0.20514988389166217,-0.08458089154486255,-0.1550812974843224,0.18692944909254453,-0.05264073438609894,0.13039331277391455,0.10994468915913856,-0.01667978268555773,0.06620953543136177,0.0909476647096949,-0.17027885028185888,-0.14889277056856,0.1275913960766991,-0.0791262179680867,0.1289660446986711,0.3190258977872428,0.28410378874410774,-0.07620720365133958,-0.03435863515772059,-0.19815511440213124,-0.0024291104609693564,-0.01723980664033895,-0.04778098390514167,0.03993134335462759,-0.03198211293574941,-0.027505918708846038,0.009552088766311834,-0.03304561135192212,-0.3025875167562632,0.1252072836220853,-0.3466954762943645,-0.16131372594179422,-0.661508099456421,-0.18224060210626453,0.041451180576235945,-0.08596933174590984,-0.26081225112757483,-0.2572257335864924,-0.030982004925786014,0.09390157956171238,-0.20628563869141844,-0.08052947238904654,-0.06107320111185231,-0.2192151880944835,-0.12568198712207654,-0.08375913724328311,0.058400878592824015,-0.16348088636809863,-0.1759750428057712,-0.16330658342968102,-0.3014587720698174,-0.2723812585026607,-0.1263385899004923,-0.07851023663027089,0.13837703623957143,-0.04413378601969817,-0.03756695794305169,0.002171492062412649,0.03039463065066141,-0.014352639076969329,0.024981715816073564,-0.2815538581250092
ExterQual,0.20053624461466388,0.0499757712062095,-0.08730634252693313,0.14881789875085696,-0.0036132609006952155,0.017369267048208334,-0.002502970856610356,0.02104046540117773,-0.15159450024360505,-0.07485450674087106,-0.02850575709488756,-0.08786172899507173,-0.09260969956657063,-0.19314282368551702,-0.0170939690640724,-0.13874755192218335,-0.114284082430508,0.20514988389166217,1.0,-0.05809390472162184,-0.41356338955486555,0.578014642451385,0.029396677718777305,0.22749222542155254,-0.019112575385859004,-0.05374943135146023,0.054863460703292025,0.4324990192278411,-0.08696508296127507,-0.1550266953374034,0.6415835999640418,-0.048853926404695325,0.3196780427887992,0.26122543046772034,0.43916214153054545,-0.04084038941942895,-0.05093853917360332,-0.10671359040400169,0.028192064291791247,-0.21046995480383654,-0.022022524509172154,0.08701237287657819,-0.18857081974183507,-0.017161452338088384,-0.1528009867544837,-0.057274590873153425,-0.6343191033438973,0.16918558175397738,-0.4942199892813142,-0.4824956116864357,-0.3530940647572254,-0.19454712138086525,0.06856256470031535,-0.2669793178205315,-0.4459518381584803,-0.3837672362018268,-0.1509226555610141,0.0007011151964297203,-0.4076415693629879,-0.10119560268246092,0.056518022383417715,-0.412808158280499,-0.15850027854201226,0.04267107271376431,0.1044309527558552,-0.2892458472082147,-0.2222213129725758,-0.12300751824483455,-0.44998011466466903,-0.44353239066538847,-0.1814484912746004,-0.26803051465130573,0.11998232240082467,-0.035161166675819866,-0.014719926828623388,-0.03419322677411573,0.010165626161092366,-0.024719864637222436,-0.03629954502560864,-0.6368836943991116
ExterCond,-0.09604134366632847,0.00587406879641444,0.06508146177784384,-0.029497433844806863,0.009803776936516349,0.009535010956844198,0.03489775197770935,0.0008337097834340688,0.033917783832511414,0.07684101377551025,-0.020980429566114196,0.08506713301083706,0.06758449387177469,0.026467423941427485,-0.038599500379124976,0.01845014177184112,0.03151964594492778,-0.08458089154486255,-0.05809390472162184,1.0,0.15592778606649263,-0.1439092012083396,0.18789030577502816,-0.06452218477950053,0.0020294824688172845,0.009450561823650984,-0.031350653774466664,-0.04015473645420063,0.1013084785799245,0.015706367222913322,-0.04157025112901876,0.03965966312546375,-0.06221910030429552,-0.14829498889530687,-0.17143735685878242,-0.03649420081788599,-0.02509372923361127,0.1434286400152722,0.03019583519130795,0.09026306699741897,0.020609984732034542,0.008787374015189555,0.054231505511376336,-0.0032540029227767506,0.04559305992302136,0.01515962830556391,0.13858103179115036,-0.2274067223179903,0.2694498734532005,0.07597694850200964,0.06963099498363239,0.04091522124138072,-0.018789392839782326,0.08267023369969288,0.11889417487148307,0.06555053441609739,0.0009055639440449385,-0.0741108997248784,0.0421192448379798,0.011656502349765844,-0.0612714284902556,0.09148271671203893,0.09859504343682333,-0.025206870830665192,-0.008000591593821488,0.030786022195100026,0.0442564014379099,0.12993129588360025,0.1797325174538985,0.1380197726509924,0.022433154114364043,-0.006985289952437892,-0.06648834158829897,0.010808471551801535,-0.016785551755578717,-0.03326029762063261,-0.07493245673925782,0.019477749454774325,-0.03361874256304044,0.11730265704316557
Foundation,-0.2351739572760744,0.035277191696485875,0.15361611924498933,-0.1351239607051089,0.05347782745157824,-0.014377154413567671,-0.0117553337056258,-0.027781542185252448,0.0664935672066284,0.0740203298975802,-0.006442378349671071,0.14289213725257005,0.18605053726079657,0.02323848857725746,-0.02790865961069346,0.12293567887205141,0.11745396790035169,-0.1550812974843224,-0.41356338955486555,0.15592778606649263,1.0,-0.34383506827538896,0.14194475455561964,-0.1494808192280454,0.059261369246065766,0.14282178647695934,-0.03863817923614386,-0.348917137345262,0.16794854861313543,0.18998161745424025,-0.31852784300472764,0.10570751814814144,-0.10646352858776559,-0.33921793934611577,-0.4012445258398678,0.18166282598447278,0.10311714922786759,0.18586533809949632,-0.012438024932247799,0.14870339722415687,0.030083581435195333,0.016483619692134875,0.14035761587847193,0.05812640841897784,0.04688945620956576,-0.011081341894256393,0.3961859944605212,-0.2942579520751583,0.6348419432638335,0.4386427423280163,0.17458610984193512,0.09901630453513283,-0.09432703894140748,0.09807231847544876,0.16703534425090402,0.19151945826085906,0.10879933067390354,-0.08968219045869393,0.22298158989560626,0.06349535028005948,-0.06482441008476768,0.3854737688812026,0.14020860559247306,-0.007755001548663709,-0.008470569049913735,0.14954534079407578,0.06926829059348952,0.1423419520987607,0.3819410589335532,0.33345628699444646,0.1409455918608566,0.15837579474484526,-0.20726275700429914,0.05038399212072568,-0.06728794365893297,-0.0011903309569842172,-0.004628332629925264,-0.0018916728475426284,0.00905771486945713,0.3824789911901013
BsmtQual,0.1256288129784987,-0.02581107488629293,-0.07322814530763085,0.16857708753202144,-0.002928772295220345,0.020227292445553803,0.023226927384163338,0.006074276054082445,-0.15983991536392658,-0.11325666576922709,0.006868410103006911,-0.09665091256793655,-0.15437506409903606,-0.12321607661874619,-0.018577694550157363,-0.1681902865768884,-0.1404738137969487,0.18692944909254453,0.578014642451385,-0.1439092012083396,-0.34383506827538896,1.0,0.08253913138605146,0.32277063787487464,0.03882590503311344,-0.03368137693521566,0.1131465293118392,0.3829165440041905,-0.16984492676892998,-0.17504891279698917,0.500834571082191,-0.07562109639103244,0.28934626622416626,0.29468633771045905,0.4620464682013451,0.011037257550303006,0.009967275983071918,-0.17014124790949675,0.03234724957776758,-0.19224976534419558,-0.07258184636986988,0.06541047587682221,-0.180479563922811,-0.03677992954649747,-0.15657913484838581,-0.06608489080082332,-0.6141226646440344,0.20986704421636226,-0.5298495320518501,-0.4751183844214157,-0.31564232973611484,-0.2703774701624469,0.0788061520266033,-0.22480355895671555,-0.4785420856326544,-0.34747144163359944,-0.1295444038348299,0.06739628014937506,-0.357008569185226,-0.17729676315286186,0.029816878064702578,-0.39987082394228485,-0.16788116694122,0.08742463935660462,0.1668323459917108,-0.2302228167867555,-0.21093374070337353,-0.16083158128040007,-0.48052913072713543,-0.4454820382576287,-0.23732603240280134,-0.24478876320772447,0.14410745116965007,-0.013458926807449763,-0.010760981304520212,-0.029679937722411655,0.03743731795153605,-0.008056029032009054,0.029369474616913263,-0.6208861300191687
BsmtCond,-0.0070268048509898725,-0.01496346986740679,0.09954107139501302,0.006303152622335345,0.02262175561906114,0.006098334547075326,0.03522107745987674,-0.002436710855031139,0.01479396533191278,-0.0008788652410057954,0.030859772660712628,0.04094200690232451,-0.0016845931526024832,-0.004412819632375409,-0.018044949957937602,-0.05333176764225063,-0.042596451596510494,-0.05264073438609894,0.029396677718777305,0.18789030577502816,0.14194475455561964,0.08253913138605146,1.0,0.03073520268483216,-0.006774753763779229,0.09054429310093128,0.0011991485561391208,-0.023400148253144574,0.09458228338534554,0.07615149424539523,0.024574902758510965,0.032412905192401406,0.01093735468795779,-0.05466385982491633,-0.04155735715140365,0.031748940704219394,0.11442602400935387,0.0895985267588505,-0.014746036142299397,-0.01300157391345856,-0.027079841663911315,0.03328525899662566,0.016773433385490196,-0.009547369625198539,-0.0090498168134119,0.007311838835095406,-0.0015805070584605284,-0.018819555385525003,0.12601017468593723,-0.013047181156006421,0.04838205417910207,0.030525012923356583,-0.02937663209995522,-0.07480000050007887,-0.05440614452738415,0.022711073121866383,-0.06370210397079218,-0.07802636591250307,-0.0434304314414556,0.005522865742176409,-0.06690585223240425,0.01832672005800255,0.024299499404267667,-0.03566644562929675,0.06764745533857146,-0.03235214794016111,0.0015607737696727746,0.03140110791298238,0.034486186754029875,0.03741262427994538,-0.01522649550128757,-0.01553769894316288,-0.0611253028578532,0.0333200012352632,0.0047972785072604805,0.016000864834791698,0.013972816534770066,-0.02584065636553093,0.08133598415602522,0.015058006077546142
